1597829406675 2.308964252471924 0
1597829408299 0.13467541337013245 0
1597829409886 0.25151607394218445 0
1597829411493 0.10100537538528442 0
1597829413144 0.13904662430286407 0
1597829414859 0.06115539371967316 0
1597829416455 0.0708075612783432 0
1597829418107 0.04810728505253792 0
1597829419731 0.031002243980765343 0
1597829421289 0.03514255955815315 0
1597829424104 0.1076965481042862 0
1597829425704 0.02935197576880455 0
1597829427281 0.13374203443527222 0
1597829428891 0.02810686267912388 0
1597829430482 0.02876472659409046 0
1597829432081 0.033907752484083176 0
1597829433632 0.018685638904571533 0
1597829435179 0.020661966875195503 0
1597829436729 0.23611387610435486 0
1597829438243 0.041216276586055756 0
